5335
9680
8979
4365
6174
8038
7860
8750
7966
3441
1367
2713
7533
1864
0496
8991
9460
4401
4224
2092
5039
1187
0625
2729
4860
9716
6595
8466
8489
1713
5395
6214
3717
5692
1303
7112
0606
0117
5289
9912
5304
2217
0406
7232
7082
6582
3039
4683
2673
2971
2723
0066
1129
3480
8577
4190
0280
5929
1892
0104
6730
7461
6485
8130
3443
6728
3770
5000
4743
4331
6999
1162
7580
0806
1265
9152
3607
3145
9529
3854
8773
3619
9419
1013
7835
8642
8399
9770
0399
2278
5454
4852
6598
8811
8645
1691
9703
1992
7457
2442
2037
6964
9427
5099
8174
2955
5015
5847
3925
4235
8340
4054
7951
7489
3868
9510
0412
2635
3266
7323
3806
4999
8341
1858
4477
5881
7572
8049
1591
9762
0706
9946
2386
7123
5254
7485
9551
7200
9564
0031
7759
7422
3941
3888
4483
4887
0960
6826
5687
1643
8873
8560
0666
6445
7652
4587
8071
5820
3400
3164
0674
0005
6291
6477
8253
7093
9947
1642
7192
2755
8455
1946
5691
3681
1552
3825
8410
5310
7303
9024
2332
1897
7310
4389
3656
6400
9209
2927
6513
4613
0018
9355
6950
1050
8387
2315
6865
6932
9018
4232
2333
6949
0134
8027
8835
2522
4577
2682
1953
1104
7598
1933
3061
7922
2007
1435
7900
5054
2184
5787
4846
0734
4353
2110
8061
4329
7182
4121
2590
0088
0034
0996
3829
4367
2387
0857
4923
3023
9372
4429
1727
8364
7502
1776
0396
4315
0114
4939
9286
7324
2226
0248
8615
5262
1744
3828
2235
3689
1113
4410
0552
9145
3844
1178
8086
2676
9260
2157
2041
5380
1182
8088
8087
2172
3957
1341
3979
1154
3813
2112
9628
6333
0896
1392
7063
3001
6461
9198
0882
1066
3204
2309
1680
5376
1811
2342
9019
0999
0937
2443
5328
9039
0190
4654
6647
1488
9229
3819
4028
2828
3353
4754
1235
2209
9075
9211
0656
2381
6109
4500
4271
9140
3873
3040
4153
8439
4021
5096
3421
8451
4526
7760
4416
0568
0741
0808
9747
4239
1227
8971
9531
5495
8522
0558
8106
0643
3210
0226
7138
2151
7346
9371
2882
5083
9202
9883
7830
9851
6585
7193
2817
0943
3144
6733
3817
4406
9190
9962
2961
4184
1449
2058
3677
6284
8348
5869
8327
1259
4604
0615
0130
1943
7243
0160
8930
0012
3232
9611
3440
1236
0423
5996
1200
5521
2911
5309
5591
4788
7798
6617
4889
0062
6282
9875
3698
0572
0515
6543
1970
8256
1096
8884
3724
6041
1056
3563
2233
8293
3186
9855
5836
3202
6057
8888
6318
0454
8039
6526
8581
2534
5263
5276
4681
9336
2727
4692
5477
5729
3815
5817
7297
4104
3493
7465
2128
0670
3961
9607
0720
6349
3905
0391
5826
8709
6296
8745
7854
1256
0862
7381
7236
4252
5128
9096
5527
9279
9739
1798
3260
0521
2741
2144
5752
6891
4395
0237
3587
5578
8080
3754
0874
6514
5005
7881
1545
0343
3085
6031
5749
6378
7283
2692
1047
5689
6819
3998
6363
1278
4145
7849
8305
8476
9695
4691
2284
6725
5565
2139
4535
8630
9539
9561
5351
9864
8020
4076
6754
3490
1631
8255
0444
9829
0017
5831
3026
8469
9135
2353
0532
4752
0843
5280
2432
5895
1410
3620
1838
1833
7753
0159
7355
2951
2696
5360
8435
1894
9482
7724
6392
3917
5166
7613
5516
5472
4998
6908
8301
3081
6555
1174
5960
4753
2101
4769
5916
7068
3370
0837
4219
9509
6693
2439
4921
6072
8010
1164
9365
0595
6208
8267
1429
2578
6690
5736
0958
5298
3118
9480
3487
8486
0409
1771
1373
4333
0640
1756
5097
9586
9130
3030
2740
0586
6369
1450
8696
0312
5023
0362
8655
8102
6397
7628
5441
4966
8384
8003
0894
3550
0732
0215
7126
9513
7270
5923
4729
8862
0144
3749
8509
3875
5362
6133
9601
5545
5248
9221
1863
7160
1656
7829
6861
8146
0470
6664
4832
1300
2548
5754
2263
5949
7179
7968
9796
1620
1800
0437
8374
4886
5365
2585
2421
3060
0513
2826
6417
5082
5798
5077
5101
0086
5208
8248
0611
6871
2764
6831
2061
7213
9821
7347
4149
9609
0387
5617
9718
4376
6642
2247
2318
4472
7589
6186
3169
4942
4599
0961
4501
0518
1444
1917
7492
7897
5838
2269
7175
6575
3428
2504
2208
2222
1170
1675
4352
8218
0677
9521
5233
1398
1108
0382
7158
3757
1524
9393
6286
7962
4863
3355
3814
1313
5209
3289
5782
2794
5089
4621
4737
7322
8145
4325
6583
6835
8211
5358
9944
5637
3664
3333
5228
4802
0816
0529
1600
9472
6740
2260
2871
6722
2001
8512
2129
7095
4326
5799
6609
3710
1045
5213
7862
7159
6360
3630
0694
9909
6074
3194
9692
5624
4147
4081
4714
6265
7560
3613
0511
7967
6535
1334
8989
4459
9569
1379
7352
7345
1664
3252
6080
3762
2232
7601
4750
9040
9642
2969
8683
6486
6317
2787
6127
9508
5614
7839
4247
0132
8062
5269
1317
3340
4506
0345
1440
1532
4187
0208
1474
3989
2156
4704
5979
9378
8819
1878
7505
6472
0274
3966
4614
4789
6670
8857
7693
1032
5437
3013
2611
6297
4381
7293
7554
8832
3831
2020
2642
0378
5599
2033
4688
5743
5418
7728
0375
0440
1377
5728
7629
3551
7065
2276
6993
6627
8562
8515
0990
1152
5088
7152
5456
6459
5194
0020
9123
6187
2314
1993
2268
9771
5324
9972
8281
6786
5950
7483
7919
0013
2941
3924
2690
1548
4593
2214
5340
0824
6475
7516
1941
4047
7535
5970
8541
4709
3401
8772
4215
1434
5397
6659
4686
7349
1240
3900
6164
0735
6959
5716
6680
2082
2173
6065
1609
0796
3801
1621
4847
0554
2193
4169
4738
1708
0136
9975
5986
4965
6614
2274
1950
9249
4814
2845
7832
2842
5997
3432
8379
4883
6883
3914
3477
2711
8156
7176
6845
4893
7356
6753
5790
9625
1883
5704
7809
7521
7253
6441
2177
5634
9295
4482
8429
8079
8187
3481
6684
2405
8533
2680
2521
5355
6605
7617
2052
4201
3299
9592
8984
5167
2093
6145
2130
1743
1834
7073
8478
8426
9259
4160
9733
8323
8066
5147
9497
1212
5891
0812
8345
5202
0124
7120
4865
0788
3052
9464
8295
2811
0131
1064
3474
1716
4723
6926
2629
8001
1007
8030
7639
5988
0366
9583
8812
3279
3731
5396
1509
4453
2310
5879
1263
8024
5424
8838
8697
1316
5763
1421
4465
4279
6346
1640
5902
8417
9803
8668
7441
9714
1198
8622
9580
9110
9334
4456
5260
8442
2301
8868
3524
4511
8686
4987
9494
5943
1783
3014
4399
1558
9098
1874
5475
8961
2863
5899
8188
3245
9828
8298
3781
9441
3073
3842
2483
4291
3773
7729
9907
8749
4927
2800
9862
5914
9148
2384
6398
6439
4282
1323
0165
8865
6269
5473
9681
2198
9848
6071
1350
4740
9707
7889
3063
6852
2884
1072
5118
6717
3703
1529
5024
7621
7928
6235
6568
7858
6900
6903
5249
9201
4991
2848
2044
8450
8807
8933
4764
7826
0458
8988
0748
8395
1161
3383
5241
6933
8314
6779
7238
8005
9819
6268
7552
4248
3237
8893
9895
8431
9117
9921
2950
2422
9724
7448
5085
9243
1375
6493
2072
3972
5514
4008
9954
1652
1138
6596
2678
5123
1702
5270
8710
0411
4238
7577
3261
5505
1887
8602
4734
5156
1168
3251
6963
6345
9428
9710
5834
2409
1291
2338
6947
3371
4619
5747
5125
9261
3949
3995
3602
7557
0681
9431
9813
1281
8688
6292
3939
9151
7644
3565
8851
0425
0417
7005
9017
2454
3942
1272
0294
9124
6769
7685
9605
1208
7866
9402
4039
7564
3896
1842
3304
3863
3150
0198
4494
6529
0692
5632
7125
3384
8186
0481
4899
5558
1197
1639
1267
2515
9238
5047
4159
2211
0359
2043
7642
3367
4119
5697
2919
2004
5307
4586
9597
6706
9122
4653
7725
2000
2327
4371
5173
7749
4275
7100
7300
1424
2021
4589
4968
0209
7361
0820
4829
4208
9738
3632
0914
7847
8028
0173
1447
3389
8120
8501
2470
2229
0038
2722
4736
2517
2290
7231
5408
3562
4884
3809
7903
2358
2200
7515
3581
9091
9232
3945
0911
1759
5160
8861
5910
8534
3134
6433
4795
3879
5504
1248
5142
9758
4125
8719
7841
3003
5991
8723
3572
0854
0260
1087
6167
0059
4915
4404
9050
1735
9617
1455
7981
9008
3970
8959
1968
0975
0503
2783
6219
6367
2063
1836
7154
7464
4962
2803
9351
3783
3862
4133
9619
3944
8178
4292
4592
3217
3291
1772
1191
1567
0220
8911
1579
8672
5444
6039
2667
6563
3996
9663
0916
7016
7189
6520
3339
2212
5357
0055
5305
2079
4576
6773
3020
1540
3523
5393
9115
2337
9002
4065
6886
6448
2786
9685
8726
1506
8473
5641
1243
3344
1694
2896
3472
8094
2501
0597
7986
0137
3491
9970
5797
7019
7074
3675
7211
2116
9790
0327
9873
6524
4139
3760
3609
1817
5873
0899
6666
8354
1936
7751
7641
9966
0953
7622
2294
4940
8437
6067
4646
2372
1574
7566
2383
4356
4685
7025
8113
4505
2361
4525
8725
3012
0536
4956
4287
3120
6898
9347
7588
9590
2814
4898
5805
0814
4137
9014
7663
8568
2777
0537
3296
2819
4044
1982
1988
2078
7278
7000
8012
7846
3332
4272
9792
8147
3931
3741
7354
8212
9449
4102
2418
8405
5384
9728
6994
3729
2798
7281
1646
6528
6792
8840
7686
2115
8360
1305
5240
2574
6154
2425
8236
6600
8244
5402
1668
9360
9957
2520
2293
9845
4552
9519
8353
9705
5566
0759
9651
8243
4909
7875
3726
9474
1784
8742
0230
2243
5481
0183
5616
4590
0188
1043
0477
9880
9524
6934
0218
2329
0109
9236
8430
4640
4249
3110
9343
4213
4434
8443
3021
0976
6895
3808
0422
6537
8918
2468
9824
0050
1566
7891
4481
1916
8707
6554
3314
4933
9159
1327
0032
5913
0401
8479
7312
7320
1511
7795
4355
2304
2630
6124
4189
6878
8735
6544
0755
0560
4528
9153
3147
9629
1337
8331
4726
0026
2908
5251
5188
9053
1796
9604
7721
6395
3718
0324
6854
6015
7514
0201
6764
2960
8583
3690
4578
7741
7027
6211
1769
5081
8325
1451
6146
7883
2562
2005
2399
2009
8233
2656
8882
6872
1748
0699
8285
7851
7688
6404
8470
2354
1732
4288
9155
8343
6838
6212
2181
8572
6227
6329
9922
8746
3709
0309
9730
8775
2914
1203
0542
3284
9074
5584
9484
4103
1218
9112
0122
9158
1899
2625
8161
5040
3166
8436
4246
6968
8902
3927
2970
6327
1080
5093
1770
6741
2347
3233
0893
5553
4402
0995
4879
9395
6901
4602
7097
5966
9843
5655
9337
5794
7315
9077
8717
9693
3191
8503
3628
8693
3148
0289
4385
5699
5605
0594
6142
7430
1663
1159
5992
0270
6341
6519
9865
1606
5463
2913
7913
4652
6588
9475
6388
4571
2234
4394
5922
0194
9858
2348
6578
7511
5220
4436
5267
3405
9540
1495
2576
0142
2083
1404
7104
4193
5600
0787
9027
6707
2996
3795
6829
3586
0716
8297
9767
6742
1561
0346
1518
1711
5953
8587
5714
9156
3751
9624
0418
8591
1288
6532
2049
9302
1981
3669
5141
4064
8546
0962
5461
9876
9503
0983
8704
7775
7222
6906
8313
8497
8115
9701
1794
7234
1401
3763
7702
7041
3008
9782
0405
7732
3170
6536
2693
3391
1564
7117
1705
6256
9832
2105
2035
7405
3876
4334
5306
8780
1408
7088
8539
7286
3225
4873
0939
6765
5851
3740
8456
7075
3209
9066
9414
9836
1098
4214
2057
0035
4124
2599
7668
5515
3297
6163
3285
5018
6747
3178
4716
9327
0195
3078
1875
7692
6458
9107
2751
9878
9013
1183
3448
0300
1117
7098
8744
3407
6399
6202
7227
4384
8173
8606
6218
8235
4615
9500
8371
2371
2768
0524
2644
9639
1610
4330
6899
6624
7528
3270
3886
9088
0299
5658
9299
5063
6241
0563
0900
2926
1335
2775
7459
3723
1525
3746
8392
5079
8802
2906
0447
2553
6263
2527
4126
1528
2389
1700
5343
7946
7491
3424
8042
0988
4440
4845
1822
4697
9120
8944
1437
0733
3142
4256
6326
7624
7463
2801
6474
3976
1956
2374
4574
7006
2651
7583
7935
5921
4698
5811
7396
2900
9910
8607
1008
1849
6244
2702
3855
1469
9114
6339
5471
9654
6987
4038
2449
7920
7379
9741
5488
5955
8441
9943
6226
3967
2085
7845
1189
9184
3041
2750
8674
5901
5491
6137
6180
0740
8207
9223
3792
4833
1867
3733
0982
0197
4020
9533
6491
1947
1630
7910
4218
8912
6351
0941
0296
9443
8634
1636
5116
5904
7709
8850
4660
0145
1989
6484
5773
2804
9867
3426
7784
0970
4983
9541
3466
8716
6075
3422
8481
8447
8388
0080
0757
3990
1527
0934
6156
9971
5303
5020
9065
0729
3321
9215
1315
8999
2252
2349
7043
9481
4154
6744
4030
7872
4880
6727
5286
2192
6905
0105
5864
0214
1394
7079
9317
2986
3553
8460
5353
0467
8953
9144
4422
6567
2582
0743
2700
9281
7313
3973
0451
6359
7990
2923
6630
5625
7694
6492
6010
0070
0364
0500
5074
8093
5038
6478
7020
3444
5911
7901
5930
7014
9737
4536
5951
4397
5795
2952
8939
1739
3545
6045
1588
0141
1590
0125
2283
5217
4929
9225
0428
4000
7257
4490
2448
5928
3782
0416
3790
8104
3454
5630
7024
7295
0890
2377
0588
6914
6699
5058
7478
7415
2187
9576
8182
7747
4024
2189
0620
2339
5993
7871
9699
9213
0926
3201
4749
3649
5823
7287
5066
9064
0449
2967
6966
8316
6650
1977
8467
5674
9789
1634
0903
6679
0259
9673
6700
0931
4023
3451
2022
9788
0003
9751
6196
8499
6809
3188
8621
5989
7107
8491
7474
9985
3752
8419
4674
9557
1491
1746
8274
3919
6973
5563
0902
3368
2571
5438
6338
7985
9582
2194
1718
1459
8361
6608
1285
4338
4908
9594
4048
7402
1869
7529
5837
4664
4305
9290
9924
7183
1781
9438
6606
1282
8553
8382
5033
4253
8105
6791
3265
0986
2219
9925
7711
8962
2561
2123
6452
4632
2805
3195
2922
3852
3624
8401
6626
2957
0576
5522
1850
8667
1095
4493
5878
6407
0223
9608
1906
5428
7038
4696
4098
6759
2236
1768
2976
9061
5124
5593
9270
2146
9546
8468
6768
3822
5534
9511
5944
0964
9644
9406
7689
2008
6739
6777
2518
7009
6646
2363
2359
1086
1351
2168
7254
3322
7380
1580
1002
3310
7643
1206
4624
7246
8987
8228
4135
2916
2201
0442
2717
7780
8206
6676
9786
2707
5271
7141
5718
2858
1816
7137
7157
6020
1537
0817
2080
7444
7941
8050
8357
3446
1418
6262
9222
9556
8658
5855
4198
8287
8871
2158
2182
1411
7991
4354
3975
3425
3693
9632
0582
6518
2859
2121
1343
1966
8007
5215
8870
2344
8346
3950
9101
9669
9059
4658
9007
4203
3618
8349
7776
8641
3143
7778
4118
8461
7996
7705
8741
8575
6911
7499
0830
7563
0985
3616
3575
7076
7244
6132
8258
2495
5013
6195
2170
0085
7989
2730
9408
4301
6355
1018
3608
0655
1571
6912
0799
4448
2593
5028
5206
0297
1862
8520
1682
8833
2277
3738
3702
4815
7633
8315
5613
1805
0910
9641
8306
6076
3241
5143
3180
9614
2812
8459
7277
6064
7659
4105
3810
2345
1374
6113
5468
6976
4668
3093
5813
5112
8165
9712
0873
0039
5860
5683
6375
1089
3455
0687
7233
0482
6734
5832
5483
5535
9097
6457
3929
1853
8159
5717
2920
1531
4307
2962
8629
0520
4166
4267
2622
3360
1319
0078
1948
2933
1721
5893
6556
1239
1653
7442
0925
0888
6332
4468
1139
5977
9319
6379
9186
7370
9991
3343
0622
9584
9572
5158
8250
9981
7618
4647
4216
1022
9709
8754
5776
0593
7036
8738
7578
1961
9936
5659
8766
2413
9988
4747
0813
4796
8396
5420
8698
5043
5703
9911
2917
0430
7822
0228
9768
1510
9076
2608
1678
2149
8404
5171
9429
0883
2946
2921
1536
1136
2486
1324
1069
4892
6807
7573
9175
1760
8801
5680
2070
7716
7135
3103
1648
9940
5948
5956
0989
8257
7988
2027
9382
5159
7773
6560
6258
4138
9896
4428
4320
5622
8758
1119
2564
2660
3363
0064
1554
8369
7726
9814
1919
9600
4066
9242
5308
1273
4108
0071
6979
2610
5150
0628
6364
9026
9633
5139
2273
2477
4324
1016
3064
8004
7785
5645
6867
4117
5590
3049
1059
1019
6135
8477
6618
5536
6275
3625
2426
2659
2536
7481
1715
3345
3881
9702
9451
8048
9672
6649
2670
1815
3798
6062
4461
8025
7329
7592
6902
5297
3269
1585
6007
4522
9811
7885
0238
3766
7890
9704
7720
0471
8202
3125
9517
1515
3800
9717
1854
8044
4414
8887
0390
6043
4777
6557
6625
0353
8458
6551
9119
1734
9262
8448
7586
7632
1586
5801
8101
8051
7764
9381
7666
9001
3767
5016
0647
1160
5417
7208
0522
8886
9891
5839
0397
3478
8897
7708
4695
8527
9253
5846
5482
8196
7987
5200
5095
0601
0389
1153
8299
3779
2782
3771
4046
0172
9905
0936
9252
1872
7635
7774
6545
9425
5164
4876
3499
2949
6892
6217
0731
5258
0360
4444
3887
7371
0765
6447
2433
1824
7651
4270
9826
8919
3670
5564
0152
3898
5446
9012
5580
2627
1654
6748
3403
6710
0469
7351
9455
5588
3473
3799
7740
1100
4767
1844
5760
6682
2084
0912
8687
5165
3009
4648
3406
8132
1736
2580
3503
9056
1753
4623
6552
9543
1808
3065
5552
7582
0540
3926
9166
2759
2539
3239
1301
8272
0907
8035
3453
1452
0171
2279
9835
2529
1325
9920
0441
6884
6234
4269
5958
3262
9483
5907
4340
8649
1534
2423
0564
2065
9844
5290
2397
3987
9757
0998
2509
4144
4547
1644
3928
9643
8238
1038
5592
3895
4742
0267
4441
1665
4896
9679
3903
6818
4861
4375
9854
0846
3250
7146
4943
7654
5796
2036
4609
6562
6316
2378
9996
8848
5865
0592
2325
5557
6352
0852
4964
0478
4679
5875
5903
6981
0508
6665
0432
8576
1190
4877
9942
7109
0585
8372
2508
8337
8849
1501
5889
3519
0393
7843
1725
8648
4650
1695
0111
8980
7611
5575
5775
5732
8631
4090
5519
7378
6696
7788
3464
0599
1354
9945
6925
0730
5653
1954
9501
0821
3067
1061
6151
5065
9085
9240
4294
1618
5646
3431
9189
2487
8998
9727
2712
5581
7446
8199
8781
7707
5822
2790
1249
5757
1312
0842
2010
2068
0644
7477
2050
2701
7912
0545
6111
7119
3077
8598
6453
0415
9471
3911
9318
2943
4661
9357
4067
5858
0014
6471
9038
1786
1904
6250
5130
7907
4386
5055
4464
0459
7660
6986
0476
6152
4035
0404
9488
3436
4840
3376
0865
5510
9174
5041
6209
2679
1009
6523
3058
9660
4732
7568
3050
6731
0094
0673
7518
7358
1855
4450
5772
3507
5404
0618
0185
9830
7204
2163
3471
4932
7539
3719
7524
4250
8909
2592
8982
6496
2886
4130
5075
1167
8636
3590
2420
3678
6738
3569
4882
1150
5405
3123
4343
3585
9994
6240
6789
3648
2446
8964
7428
7416
8141
3089
7842
8265
1199
5389
0917
2705
9627
2415
3775
1685
0858
4094
5621
6432
1701
4319
3108
6850
3161
9413
2829
7010
9593
5755
2549
4710
9986
1553
4570
1148
5094
0240
8438
8627
8208
1963
7223
4199
7894
7786
1538
7305
2664
8046
4230
9477
0702
4281
2898
4955
3660
5852
4529
8731
4665
9200
2190
8720
9899
5452
4542
5501
0791
7595
9147
1083
3547
7409
5046
9133
8585
9016
5965
8229
9304
2872
1186
8573
6429
1006
5840
9010
2881
3035
5485
7626
3953
9089
9596
4243
4959
7066
7597
9445
9888
5629
8740
3319
8350
1724
1686
7194
8277
8322
8112
0463
4379
2328
0715
8231
2331
0276
0464
9081
9314
6306
3802
1344
0474
7271
3824
7824
4417
7151
4432
9424
3292
7547
4492
5819
4231
3641
7298
7855
1264
4985
2046
7940
8659
8589
6645
4534
1910
2718
6085
9296
4502
5668
7334
3126
3982
5507
3706
3183
5345
9817
6561
4897
2605
2118
7700
6713
5793
2135
2255
2465
5399
1014
2545
1964
6893
2014
9442
8875
2597
7982
3788
9763
8949
8661
1308
8409
0002
0101
4237
7792
0058
0804
5695
2275
1037
6053
0457
2677
3700
4491
5759
9389
9288
6281
0450
1296
1470
2282
5711
9467
9011
8290
8320
5884
9676
5587
7509
5464
8336
4435
2982
4484
4142
7810
3015
5604
8635
9093
0184
1797
2330
9657
0380
8858
5856
9070
8414
6970
0771
9900
5803
2907
3433
5177
4857
5494
9691
7488
2569
4337
1443
6078
4610
9417
9746
1710
3302
9745
6028
0181
3069
8942
2591
0224
7671
4323
5336
5767
4853
7520
9575
6876
0363
4566
7565
7013
3220
3375
0135
1846
6013
5918
3576
5210
3347
0629
2810
1801
8733
8830
4245
9577
8563
3611
0200
2319
2685
0285
9274
3671
0487
1689
4869
2601
1940
4512
8023
7828
9420
0672
6767
6389
8561
1372
7679
3106
1141
1090
7224
0304
6303
8421
7165
5398
6961
4705
6639
4804
0048
0598
0701
5560
4678
2271
5152
2162
5193
5887
5573
4078
2379
1493
2132
3589
9956
4290
2455
9623
2559
3414
0669
4514
7790
9610
3075
6044
8224
0180
0129
0623
9022
5499
7072
8232
4261
9292
7127
6673
1310
1142
6200
7264
0426
7384
4212
4926
5725
2364
2991
9537
8702
8422
0021
2438
4543
3331
0009
8985
5667
7067
0354
0966
7698
4001
9116
7993
5771
6463
9294
0495
8052
4770
1856
4099
6025
4476
0654
0493
0385
1542
5730
0844
7717
8330
7023
0849
3872
3755
7494
3192
0446
1348
2857
5037
6622
2623
4537
4902
6921
3542
8117
2936
8335
3552
1143
3901
0427
7336
1752
1974
4318
6410
8525
3654
8176
8922
6620
7837
6451
6070
3745
2959
6321
2912
8484
7924
6449
1823
6784
0547
0954
2424
3028
0277
1017
5663
2414
4498
2641
3278
5300
0456
1578
5984
0350
0652
6974
8872
2254
4369
8975
7129
2634
3826
0153
4109
6550
2357
4721
8846
5877
9289
1380
0828
2322
3520
2851
5561
7342
1283
5449
8822
0762
0555
2788
6353
4787
8778
6405
9015
8558
4643
6772
6413
0191
8100
2654
8650
9743
3327
4122
4731
0631
8842
3918
0288
3410
5273
6383
3968
2287
2823
3127
0533
1806
7896
6334
1624
6694
3958
3031
3159
0217
5987
4031
0797
3098
7333
7799
8752
9581
0443
3699
3396
6936
8482
0147
7969
7503
5137
3011
4638
7180
7915
7976
3796
6702
0604
9450
3715
0927
0923
3212
3016
3496
2160
8507
9666
9071
3086
4782
0919
9917
7576
8418
9812
2853
6806
2471
5612
5019
1220
8294
0460
2466
1441
1331
9452
3764
9303
7395
1254
4052
7099
6688
0340
7963
0969
3022
1790
1127
4950
0204
6386
6798
0506
8703
3621
1294
8342
7695
1851
7998
2681
4316
6051
9307
6781
3912
0318
0128
9399
9979
7490
9325
9060
4302
6864
9363
0609
1000
4257
1355
6971
2839
5738
4181
6913
3578
4774
6201
7794
0602
9396
8829
7256
1632
2369
1986
0176
0913
8270
6254
6619
8524
1991
3769
5998
2042
7340
6840
4341
0211
6988
8624
9084
0801
4568
4452
2147
2861
2003
0664
9748
9212
7028
9345
0571
3774
5370
0574
7939
2640
0841
5264
9127
7275
2015
7510
9185
8434
3662
6943
8181
6515
4848
8247
0029
8647
6504
7439
3215
0924
2018
7997
3532
9330
9939
4244
7475
1937
6207
6705
0448
3359
1563
2620
8567
7327
5806
0335
6305
4952
7161
8021
3378
3694
2663
1547
1657
2551
4101
4063
6488
0636
8983
6270
2499
5102
9090
8014
2532
6337
7949
4981
8134
6607
8713
5052
2813
3419
1939
8764
3570
8755
2238
5172
2388
1222
4608
4186
3369
4392
1110
5701
7634
1405
9732
0113
8127
4851
7648
5227
6848
7957
2459
8600
2305
0904
4870
2464
9009
6732
9689
0119
9869
8596
0082
5479
8809
8309
5693
7407
5469
2716
1562
5060
4765
0818
5952
7744
2901
7437
3146
4639
0261
6800
2785
0868
2241
7945
3460
2565
8128
8037
1803
1814
3580
9698
9113
9684
5635
6021
3105
7131
1431
9421
7466
6931
8863
5364
6597
5032
9390
6357
9062
2210
6106
5378
5342
5416
9216
2180
8580
9961
2825
7818
2552
4523
6322
9037
0306
6564
2472
6476
2721
8219
1357
8472
4620
4312
6368
6956
8400
0163
9906
4713
2098
8041
6839
0803
0030
2452
4768
7226
2587
5789
6110
0052
3227
5341
8907
3059
8737
4803
2133
2493
6188
7680
6674
6001
2780
3877
2326
6279
1484
4784
1615
0049
7553
4513
9323
3856
1780
1403
9157
5968
1111
0945
1581
4824
0438
5959
1371
6249
6465
1192
0745
1979
1996
1628
8124
8201
7961
5892
7796
2431
2531
6288
7486
8690
9777
9648
1054
1209
0499
6213
7825
1549
4974
3007
3356
8796
9121
1795
7508
2972
5800
1321
0000
9809
4673
2544
2661
3554
4027
0584
5069
4806
8940
2968
9568
8613
4761
1230
7710
7500
4180
8876
5291
6115
9067
4649
2153
2227
7812
1533
8874
8089
9816
2888
7765
9129
6629
2824
5294
9326
4532
6141
9542
0514
0538
7974
1004
6406
8965
0133
0465
2435
7122
9248
3964
2924
1539
3450
5030
6309
3797
2636
6192
4836
7062
4628
2368
9257
3498
8362
1126
3904
2598
6691
9054
8804
5863
9440
9479
1813
6610
8139
2410
6657
2131
3467
9675
6558
1453
2616
1789
9023
9104
1478
6144
8097
8411
2179
5229
0992
0548
4791
3320
4488
1903
9926
9616
2649
6681
7779
4209
0823
0229
6238
4973
1704
5026
2514
8166
8160
8924
2266
8230
2870
5182
8595
4659
3218
5107
1619
4034
9656
7045
7276
7649
7449
0905
8428
8073
7212
3171
7318
7647
2733
1975
8665
7267
4289
1361
3151
2484
9029
3129
5967
7610
1332
3750
0281
7722
5196
1983
4157
9677
5068
0509
6221
3974
9204
6342
6266
6510
1723
4510
4520
2313
7339
7537
8009
7249
1279
5025
4810
3044
8289
1268
0182
7299
3114
3303
4391
4451
5256
5236
6422
0410
6847
2754
5435
2240
5842
5735
2096
9799
7412
7556
1971
3870
4222
3647
3449
5493
6162
8908
1915
2148
7850
9422
2868
3884
0959
5250
7815
3338
5108
5133
1074
8599
4888
8226
2533
2467
9630
2124
1969
9195
1751
5006
6261
7543
8996
7362
9386
1396
6308
1755
1742
3248
7484
1245
6534
7662
0742
4625
6755
2141
2453
4651
9571
7087
4842
4786
0015
5255
2167
5155
0764
6951
9046
6808
4097
2672
0262
1920
6498
1123
6068
1130
5740
9720
0293
5429
2317
6975
3307
2987
2366
7983
7266
2535
5098
8670
7289
9960
4818
8790
2843
9269
8739
1486
9640
6147
0403
5734
7364
6230
4420
3653
8043
5327
7420
5259
0562
2436
3083
2573
6945
5651
7348
2725
6944
3515
0981
6416
2365
8837
6435
9831
1576
0384
0489
4744
5770
1626
6052
2026
4383
3959
0614
6940
9998
3122
4771
7619
0247
8839
7536
5945
3785
9196
7433
0641
2430
7397
9352
3102
3531
1454
7675
4019
8292
4470
3392
7600
6101
8584
5127
0840
3657
7531
2734
0832
4607
3536
4463
4858
5382
0776
5234
1271
3640
2503
0929
0076
7050
3046
7844
9795
8813
8653
0789
4100
1719
0269
0523
7603
6056
6880
4200
6103
9316
2054
4605
7398
2902
1745
9239
7387
5597
1252
8593
6024
5274
3280
2699
9045
3382
6084
6175
9626
4642
8339
6663
4937
3584
6566
5001
9872
1913
9199
7085
5742
9291
9021
7130
7596
4722
3309
0938
8957
5103
5181
7284
5496
6820
4635
1900
0295
7228
5421
0355
8958
1465
5457
8763
1480
5694
0092
2417
1366
9305
0357
8866
2403
2706
5525
4013
4830
2285
6866
6185
7031
2221
1241
9750
4868
2351
4601
4961
0263
3305
2550
4667
4217
7169
1918
4366
3029
3140
5366
0068
3380
5352
5090
1020
4332
1775
1093
1157
6559
5662
1999
2081
2142
5611
8767
9361
6470
6228
9376
3362
5316
5275
8913
8815
3385
6904
1962
3612
4527
3599
2767
0507
8457
2296
9989
0744
3934
5508
0370
9827
9552
2523
5586
8237
1820
4262
1737
6795
6125
5281
5866
2134
1901
8063
1058
1487
1229
2016
0756
2841
9004
1955
9550
7800
9322
0305
7808
3253
6030
7421
8167
6401
8018
7590
4433
3834
6953
7455
1084
6836
6719
9589
3117
0815
6997
8970
0603
0680
9369
6782
0484
9268
1949
0388
4127
2512
8129
9273
6497
4265
0453
3185
8296
5092
8144
1589
7507
4530
2303
0008
5266
5562
1521
1261
4116
7383
4206
1425
2614
6198
5502
8056
8759
4227
3182
6224
8383
4358
2323
0753
6482
7181
5045
2588
9776
7683
3559
2166
5644
9646
1877
4479
6894
6464
3838
1320
8844
0991
6802
1003
4666
7417
1347
1818
5874
8380
6061
3342
5329
9154
8612
9109
7471
7353
7769
6640
6403
7570
5230
6023
5722
8549
4978
8803
5120
7168
0610
0559
4519
1757
1406
1322
5467
0932
3300
3330
2437
0725
1035
1397
9444
0407
1698
7574
4822
7373
0678
9476
3913
9554
1205
2362
7938
3915
5021
4556
7001
0146
5670
8324
5244
3525
9100
8616
9218
6190
3037
0619
2023
1826
4637
2568
9220
1057
8859
4792
6858
4309
5971
8783
3943
1134
6909
9928
1101
6756
6960
2336
9725
0245
6232
9527
3546
3095
4229
7258
3326
3397
6571
1777
4675
1832
2091
8786
9301
6821
5086
3784
0671
9265
4551
4264
9047
1747
7802
1666
7549
0138
8266
1599
6761
7250
4442
5109
0738
4473
3090
6712
0617
5087
2695
1912
3242
4741
2566
2567
6885
2258
8221
5538
2280
7203
6150
9210
1266
5105
2781
5319
8827
3696
0822
2202
5602
0922
3357
2772
6027
4524
9935
9055
5556
8096
8109
3673
7930
0800
5442
7059
2617
2932
8941
1879
8692
2159
9354
1504
1494
2995
7585
8654
9904
7410
6315
3921
5104
4163
9671
2125
4725
1133
4497
2343
3622
4583
0516
1839
4220
8081
4211
9490
2887
3727
6325
0311
5511
3659
7999
5975
3623
1400
6006
8143
5161
2183
5331
3137
7136
8500
3916
9992
2874
5615
5134
0275
9049
0557
1896
4295
5071
1902
1952
5293
3761
6774
6869
4280
4866
2213
4378
7096
2628
4336
4905
7048
2937
9171
8542
3500
2581
8656
9801
2626
9567
4466
6671
3735
6161
9178
1025
9563
8162
3070
3099
5295
1958
7640
8408
1923
0313
0037
4944
2575
9137
0268
7201
1185
6799
1499
7110
4875
1415
0906
6307
9885
3933
7102
9668
2981
5180
3074
7064
2893
8058
6952
2918
3458
1687
7482
5460
1541
4055
9359
1667
2669
1184
0127
6954
2621
4557
7561
4812
1039
4374
9214
8077
1730
1260
6654
5849
2311
0633
6859
1985
4033
8082
5403
8545
3002
2434
4134
3667
6299
0726
5528
8116
2714
6505
4489
4957
8084
7248
1973
9538
6434
4967
2852
5719
2055
5205
6495
5478
0878
5985
3993
0369
0007
7612
5654
9320
1224
2999
6549
2380
1364
6735
9227
5114
4026
5531
3318
1109
1255
7419
0282
6455
6882
1522
3281
1706
6440
4995
4475
5883
9687
7210
1764
2978
1070
8488
5731
9463
9963
7390
5739
2195
2102
3162
9208
7403
9163
3687
0439
2224
6540
9783
8019
5626
1040
5690
8516
4382
2742
2006
0777
5359
4712
5175
2396
7761
8370
5650
5034
7931
4194
9132
0445
1413
3337
3646
6677
7288
5672
7199
3720
0780
7092
8169
3556
3566
5347
9349
2429
2895
2684
2983
4811
3541
1835
8660
2541
0278
4982
3999
2596
1479
3476
3714
2505
3131
0115
5541
9256
9346
1102
4405
8302
9536
9933
5184
0891
1011
1052
5802
4670
3577
9599
5126
5608
3899
6277
2145
2766
1738
3246
8826
4894
6344
4351
9179
8805
0177
1318
5870
7646
3592
2657
1475
3506
6888
6063
0408
0338
2789
2758
0192
8619
2239
6245
8122
9254
0386
6347
1530
9138
1647
5361
9997
4911
7690
1891
1997
2143
5050
7374
6468
5845
0251
1346
2637
2126
5426
2704
1763
4611
9794
2994
0834
2012
4131
2270
8768
7555
2048
8915
7039
9655
1882
9706
5185
6311
8334
7787
7335
9931
6014
3128
0254
7655
8699
5631
2306
7755
7984
1393
3485
9670
7057
7797
0634
6098
4129
9025
3816
1106
3820
5419
0307
7899
2942
4838
7255
7653
7235
3522
9603
6982
9982
8214
7061
8137
3906
7699
0573
7970
9080
9722
3601
0041
1696
8777
5810
9058
3152
4207
1575
0368
6229
9105
1156
7240
7400
9545
7571
9532
7357
6875
6272
7302
3544
4895
6090
7443
6890
2691
9192
8245
5178
3358
9263
9562
1036
4274
4598
3765
6350
4656
6615
6920
0043
2401
9367
3107
7579
4904
9983
6711
9700
1741
6026
3051
3794
2557
4202
0944
8072
7101
8045
6990
3475
8344
8367
9237
9366
4545
4240
9197
7376
6644
9726
4559
6958
8249
7781
1314
5894
7952
6029
4554
2028
9297
8883
2445
3521
6527
9740
5261
9879
9000
8611
9613
1697
9134
9368
8275
6092
0336
3830
9958
4790
3571
0783
7272
3668
8928
3469
8973
7015
5312
8119
2248
0461
1623
9523
7631
1637
7859
4907
7311
6038
0827
4007
2889
2367
8831
8191
3271
1881
3605
8474
1046
0395
0004
7241
6035
0170
6521
6985
0121
4273
4735
2245
9818
3857
4093
9791
6834
5850
7261
0512
7523
3174
9143
1728
5203
2860
0225
8246
7252
3682
9329
8823
7763
8854
4495
8440
2259
5369
4936
0394
7406
7144
7214
2394
8177
6634
8002
5620
0661
7676
9744
5080
5218
9271
1116
7047
4565
5720
9136
3866
9908
8950
0880
3591
7052
5702
8260
3177
8519
7007
5555
3758
9485
4242
8821
4170
1442
9311
9339
8878
4347
5149
5325
1407
8610
8543
9810
2792
7186
3978
2928
9364
6442
9278
1905
4969
5153
5972
5285
7187
3084
1225
2411
7661
6805
9486
3417
4348
9306
4941
1181
3335
8920
8877
9283
2428
6924
1115
2795
1611
3160
6193
2769
8931
2854
9300
2925
5724
4006
7149
2019
2225
6675
3930
6450
6780
4179
1994
0722
7480
8123
0707
6594
1238
3018
0747
9549
8393
8215
5638
8748
3168
6983
9469
4573
1091
6887
3965
8779
1094
4411
2658
5671
2099
5927
8967
8358
7145
7517
2047
1132
2507
4581
4175
0688
3538
3695
1629
8140
8276
7369
2197
0956
5554
0889
5854
0535
2724
6539
6991
8594
4669
6743
3867
0056
6123
1103
8608
3206
3483
8588
1228
7978
0468
6356
1847
4862
1107
2746
8040
3626
2490
1722
9217
0864
7105
1155
1804
5059
7874
5042
7084
0519
6919
4284
4756
9553
0266
2391
6420
4141
5576
8788
1829
0372
7833
4690
9407
4780
6530
3846
3409
2485
2977
2904
6501
7051
2265
6223
7953
8303
9111
0679
7975
8554
3092
4746
9203
1740
9918
0736
7783
2816
7089
3025
5786
3860
7011
1934
8898
0349
0169
3243
8352
4437
8403
1866
7259
5117
5212
7032
8017
5459
6599
7965
0158
3179
3264
9565
0213
9800
4043
3372
3139
1068
5827
9977
6752
3889
1482
0203
2045
8800
9964
5935
5129
9087
0839
5727
0589
8943
7216
3386
3283
4310
4507
0193
4934
0110
1349
7937
1870
1055
8433
6251
4228
9547
0022
4823
3629
8730
6267
3642
5374
3091
6978
2075
9866
5010
0779
8855
5833
3154
4603
0921
9839
1496
1596
1244
3845
3010
3683
5707
7864
5385
7230
8969
7382
8892
7472
9980
4156
0227
5957
9379
1353
7338
2632
0749
5350
4313
1513
7468
7608
8264
1898
7602
6136
3366
8011
4015
1886
1049
6531
2218
5681
8926
2440
5224
1827
4819
1577
5745
4935
6060
4687
5909
3076
2833
2067
7848
8413
3379
5524
0845
7584
6402
8164
0431
7664
3435
7959
0607
2973
9394
1498
7343
7220
5064
1473
0807
0079
8945
6008
4091
6170
2011
0510
8994
5265
5785
4173
2953
1726
8492
4487
7049
0539
0168
3711
0630
6804
2643
1840
9380
1672
7739
1565
5375
9759
3423
2645
6573
7134
1857
4040
6081
1163
4335
2563
8172
0016
0210
5520
6660
1041
0847
9126
0095
3336
0867
9658
2990
3688
1944
7545
4720
0527
5862
0809
9370
4258
7285
8347
2584
4585
7209
6384
9974
6651
7185
3833
6289
3486
7706
6082
5413
6236
9787
8183
7791
6507
7012
9528
2038
2176
7069
6169
8180
6778
6466
0526
1651
5070
0659
6576
4794
8906
0760
8756
9219
1023
2237
2980
7375
8366
8925
5924
3527
2834
4210
1180
8376
5170
6995
7081
7155
9842
5532
2909
5401
4080
4588
5723
6506
4421
6215
3666
0081
9856
0711
8251
3645
1848
5737
2864
7616
8901
7225
3652
4413
3501
1140
9506
3115
4162
4478
3088
0918
1555
6709
5544
3756
4350
4182
6813
0075
0199
7004
9766
3346
8254
1085
0063
5176
0676
5204
2250
2877
4549
6046
9131
5439
1430
4541
9953
9388
0884
1033
4276
2894
2356
1456
8932
2525
2929
3094
7190
5526
5954
5225
2743
8511
4178
5480
0871
4393
1895
0098
1029
6128
0373
6783
6034
4758
0758
8828
5818
3387
0505
4032
0319
2169
0358
6243
4801
0963
6907
1503
3324
3165
7738
6969
5610
9780
6648
5466
2510
7306
9902
7263
3190
1557
3189
4920
8676
3216
0877
3282
9861
1005
2165
9142
8485
1215
0697
4362
2612
3772
3254
4856
6166
5990
7904
8531
4518
9932
0462
5465
6431
0642
3462
4085
7682
7762
5809
3087
5406
4835
4197
3543
9650
6159
4657
8760
8824
7447
8065
8452
8789
6099
7458
1859
6037
5675
2461
6242
1311
4917
9662
3079
3101
3892
2757
0690
9188
7033
8761
6763
1062
2934
7274
7519
2726
9901
1326
3494
0648
4016
2831
2297
4172
8557
3301
3172
2905
7887
7703
4672
0057
6750
6480
1081
8402
4471
4304
3615
3247
0065
7834
8784
4988
4415
2506
2478
8816
0379
5144
8559
4009
9036
6816
7630
9353
9723
1237
1825
4564
4298
8195
9682
8375
5744
5278
2963
7071
4881
3196
4188
8795
3936
8551
8570
3062
8029
2820
3537
8103
5246
8136
8308
9069
0616
9765
1773
3535
7456
9418
6638
8856
4914
2013
0202
6723
0693
6897
5199
3561
4370
3231
7497
4165
2324
0608
5422
6669
9735
4426
1582
7083
6114
5387
4407
5686
3138
1427
3111
9719
7506
4567
1635
2992
8637
4930
6409
5500
1165
2604
5162
7713
2060
4960
7942
1889
3317
5777
7867
9182
0096
2595
6522
1287
9984
0550
2223
3404
2862
9341
1998
2648
4947
4539
1445
8074
6002
5431
5698
0067
0258
4976
5252
2556
7954
3286
7394
6857
5640
0933
6569
3732
7593
1607
9927
7742
1121
0781
6937
8643
2572
3793
0658
8712
9913
4517
1246
8099
1612
6430
8782
2427
3495
0490
0972
8068
8463
4092
8076
6896
2416
3514
6881
8547
1942
7960
7525
8517
2150
7003
5669
2444
8966
0915
7262
9859
7436
6248
2073
6541
9595
3558
7414
2077
3811
7365
3272
7363
0250
8705
0255
8332
4636
4041
4136
1289
1306
5279
6216
0212
2773
1699
0330
4060
7691
0308
9181
1075
8223
3778
0287
8131
5174
9846
2516
8475
8304
9606
9923
8771
6387
9696
8663
5119
3116
1382
1957
0775
0452
2688
9177
8091
6658
0161
0455
6825
5245
1662
5920
3692
4299
4225
4562
0414
0053
8916
1221
5721
2111
2558
7767
6102
5498
1363
6565
7620
4834
6704
2203
5679
7914
6830
7863
6668
5551
7242
0802
2032
4255
8896
1099
8657
3894
4984
1659
6438
9987
1275
4874
3184
9574
5999
4694
9255
0342
0984
4953
2106
2502
5648
1242
3510
7053
7657
4387
8639
1423
3032
4474
5868
7770
4223
5386
5940
5780
9176
3633
8787
2469
0948
7108
7198
1593
5696
5824
0019
4970
6879
1837
1462
1641
1650
2230
7026
6178
8013
5321
6426
3954
5197
6436
2856
5513
1714
2668
2390
8225
7766
5582
5334
7627
4152
8836
2609
8864
5808
1605
0600
0234
9092
3109
0174
8148
7955
4701
4807
9560
5195
9392
3047
0290
7153
5002
9287
3045
4760
9852
7934
4059
8168
8151
3365
4579
5211
1774
9507
2267
1207
5106
5518
1924
6803
3596
8453
2631
1232
8701
7086
8333
7888
1145
5665
3390
1893
2815
6066
6766
7314
5867
7884
0326
2974
1809
0695
0028
8279
6581
1880
3043
3334
0381
0569
5746
3398
4045
8006
3434
8462
9191
6278
7947
5897
8227
8724
6205
6938
0581
8271
1841
1298
1053
1750
7868
8623
8179
7823
3484
4317
6112
9793
5750
3997
1065
5394
2341
8952
1782
5320
8555
4928
5533
1146
1001
3228
1597
5207
2866
7958
0949
3994
1617
1965
7173
0365
3229
0947
3439
1092
5609
2837
4266
0196
5973
5198
1177
3835
7331
5657
1028
6425
8885
6708
7467
7178
2844
8853
7260
3181
2251
9559
6362
8240
7215
2462
0870
4781
5338
9520
8968
5726
8993
2100
4132
6788
1514
6274
8378
6126
2447
7307
3516
0892
0060
2709
6012
6391
7385
8722
0271
2603
2965
1158
8446
0635
8111
3325
4398
9525
7237
5301
8239
5792
3691
8286
9375
9999
2655
3489
2215
7892
6237
7853
6946
8590
1658
8423
5807
0286
7772
7575
2261
1030
4002
0151
3617
2989
6842
7569
5788
1520
5835
7121
7882
8108
3883
6499
2784
1175
0750
4748
3463
3728
1907
8711
9566
1467
9410
6916
6033
8680
9400
2040
9761
3595
7745
6271
1079
9168
4993
3447
5547
7296
7857
0126
6592
0971
4185
3858
9374
9752
8158
7451
8947
3923
4759
5317
1067
1299
3890
0682
5346
2071
3104
2492
3638
6304
4069
6721
2639
7090
6105
3290
0596
5506
9492
6616
8540
0717
9686
8259
7229
6285
0973
9160
1385
5377
0879
8743
7979
4997
6796
4003
8200
3004
8055
7184
1078
8997
6089
9228
1446
8386
4706
5539
8152
8398
1426
4037
2753
0206
3730
9544
0792
4072
9063
0099
6171
9849
0861
9815
6697
4633
0997
6856
9377
1625
6177
1290
7118
6653
7147
4992
2543
2579
8424
4110
1201
5232
6843
2406
7282
2944
0863
8355
6837
0253
8921
8210
0107
6140
0140
6134
3539
8189
3716
2481
5219
7672
8869
7309
8381
7743
2646
9095
3637
5411
8927
5132
6428
7861
7673
3804
3132
5994
3513
6479
2488
3528
0051
2762
9505
4167
6965
5356
2526
7504
5804
6189
2174
6701
5677
5572
0284
8464
4977
7191
4901
5567
6718
4277
1761
8278
5778
4584
6672
6762
4236
6004
3235
0651
4120
5815
4561
6957
0219
5462
3048
1843
0784
0708
3932
3992
4328
9548
3655
5425
0166
7527
3315
5628
1860
7873
0323
6689
9032
1929
5486
7197
6011
5594
7980
6574
0486
6815
4922
5115
4872
7804
8732
6206
9298
3208
9615
0420
9690
5871
5433
5682
8544
8923
5440
7898
5053
7247
3113
0162
9634
1821
2017
2850
5579
5978
8620
5497
8905
9385
7933
9555
2771
9459
4682
7681
8753
4111
7895
7696
6301
0967
4808
7879
4390
3112
2031
2865
6720
0826
2703
1457
8972
4558
7637
0317
6655
5448
9659
8454
4084
9736
6678
0901
4831
4496
4088
6276
1938
2205
4025
0898
4430
3573
2120
6157
7906
2799
5791
9915
8205
6589
3910
5933
6073
3593
3199
9432
7534
2793
1336
6328
6604
6293
7435
0314
2288
7638
4916
1195
0433
8794
9708
5163
1888
5311
9139
1125
4597
7865
4618
3512
7768
0848
7546
3268
3980
6667
8170
8894
6143
2935
4058
6210
1497
2298
8125
5571
2687
1076
7017
1601
2398
6396
5765
3276
3429
0691
0222
2114
4563
1765
5296
4757
9033
0829
1661
2206
2302
7669
4727
7678
2231
2171
2892
8047
8528
2199
5022
7625
4431
8992
2809
9850
4327
2997
0551
2256
7813
1921
7909
5713
9328
1105
2570
5853
3388
0668
2873
3509
0424
1512
3133
2633
2451
1471
4540
0980
5974
6197
0371
5031
8032
5368
2849
4192
0605
0322
3672
8022
6490
0383
5619
4954
7674
8604
2835
3644
5084
6683
8662
8960
1791
8673
5283
5490
7473
6811
9773
0994
9028
4763
0534
7665
5715
8578
7479
0332
1544
3850
2796
5751
8262
2400
0236
3744
2053
0292
6194
2931
6059
6930
4306
8981
0348
1384
9636
8351
2613
6785
8394
7752
2069
1945
0186
0334
2346
3361
5844
8632
3812
6380
5700
1483
1376
3722
6225
0419
2500
5131
8899
7684
5915
6827
8465
4798
9882
9205
6018
1693
9246
2216
7206
6770
0351
5410
8757
0189
2152
4776
9387
1677
9358
9797
9518
2719
4408
3849
6643
6372
3497
6118
9384
8098
3665
2930
4438
6801
7029
0710
6942
5009
3274
7325
2117
9106
2979
4622
6298
6611
0724
4296
0627
6929
8359
1712
4645
0374
4050
7401
8666
9315
5322
7512
1807
2295
9276
4855
3479
7697
6233
8138
5122
5942
5595
0178
0466
6182
0772
7304
4793
6628
6462
5487
2899
0376
8626
1432
8300
4938
4799
0272
0528
2855
6612
6870
2984
3175
1042
9731
8317
9161
1873
2807
7943
8625
4641
6255
7886
3789
8508
6602
7219
9784
9491
5964
9781
2289
6687
1592
1980
4708
3713
0700
4596
1502
6252
1568
6222
1362
9769
6972
8338
2480
4140
7077
0718
0045
0665
0881
2086
5766
5542
2830
4017
0475
6421
1226
1333
8765
2104
1338
6483
5078
0887
2404
4805
0367
5678
6553
6489
3005
1931
9401
0517
5288
3836
3540
5157
7656
3780
9439
4151
1169
6204
9034
6456
0167
6259
2186
7750
1709
7427
1990
0434
9072
9729
1466
6168
3821
1584
0502
1692
7368
8307
1193
7606
6460
2087
9916
0977
9068
7399
6737
3882
7438
2352
0108
1448
8198
6312
4878
7196
2975
8312
0667
2650
1071
8597
1729
5882
5512
9578
2164
2441
4912
7801
6366
6393
2797
2090
7995
7060
8751
5661
9822
2382
0579
6494
9948
5861
9764
2880
8149
9391
9167
9173
7956
1342
4087
9453
0580
5330
4339
1340
7388
3891
0928
5476
4544
4364
1118
4155
6849
2694
7162
5390
0392
3686
4469
6814
3230
9955
1458
9149
0714
8974
8785
7972
3193
2249
9348
0624
3438
8574
2988
8820
5373
0974
8628
2029
3034
9030
9170
9959
5946
1112
8368
6590
2262
8504
1911
5537
4071
4115
0675
1876
5652
3293
9172
0696
2760
8064
1463
4419
9995
9310
2840
3287
6302
8242
9245
8427
9806
7712
8867
0402
2204
9164
3416
5434
5880
4626
3530
5841
7044
7034
8934
5372
0578
9665
5583
2312
3564
5523
5121
7817
6980
3141
9293
2546
7116
6775
9251
3096
2732
3502
5962
1416
3053
8814
5758
3173
6411
2763
7476
7360
3153
8107
4011
1767
1572
3610
7148
2002
9324
0805
4509
0728
8646
1703
5768
8694
5238
0054
1598
4813
6996
6116
3244
8171
4283
7124
8069
1660
0566
6746
8708
5061
5643
0833
9356
1149
9514
9591
5268
4707
4344
6343
8036
8793
3224
5287
6129
3348
7163
3275
4268
3124
2867
0352
3263
4594
5455
8818
4075
1720
8689
6591
0785
2292
7431
1386
3395
5484
5216
6889
0869
5825
8385
3864
5656
1369
4485
1010
6354
6823
5201
5709
0591
4548
7332
8929
5577
8937
2958
1690
8910
4053
4745
7604
6165
7462
7114
8085
6851
9929
9052
0235
4308
4766
9031
3504
6358
6373
5762
4580
7771
2745
5379
2395
2538
1754
1788
0006
3482
7704
7715
6757
3130
4077
9079
2832
3027
4373
5168
9841
6621
0650
9397
6855
7856
3418
9169
6812
2731
6394
1909
4070
2489
3697
6022
5649
0639
6572
6427
1213
2335
6797
0575
6058
3955
6652
4785
9937
1277
2127
9086
7719
6047
2600
1269
6040
6095
5035
0273
1861
2097
9446
6153
3674
1633
0044
5223
3354
4663
9742
1026
3847
9863
0831
6203
9362
8157
6469
3311
4128
5829
7425
7319
4595
8273
6155
5548
3725
0590
1088
4363
8537
8070
8601
2463
6862
1845
9860
5706
4630
0143
2966
3461
3000
0546
2393
5179
9847
7737
6314
8718
5550
6632
7493
0543
0719
8008
0968
4948
7035
6253
3298
1137
4196
5049
3249
5189
2791
1679
2497
4699
5363
1012
5492
6579
6149
6481
9083
5708
8406
0737
9598
8241
2155
6703
7424
6500
9930
0577
8609
0935
4779
8217
3277
3952
1523
0838
6525
9405
6833
8685
9807
3969
2662
8603
9125
0632
6636
4460
9233
9678
1603
1060
7294
8586
3323
3442
4056
6340
4546
6138
5642
2653
1388
8213
4311
8825
5598
4662
2140
9078
0657
1655
4158
8721
7992
0689
0549
0746
6365
3988
0504
2606
1560
2537
1073
9772
6019
7869
8397
6787
5710
4612
3748
6548
4919
6323
5995
1147
9489
8502
9398
5190
5596
3960
3057
9840
3381
3823
9335
3518
8538
3705
8669
6487
6000
3019
5607
0256
6716
2774
2728
2291
2665
0965
1819
8204
0663
4113
5939
8505
5756
6088
5931
1556
3295
1926
2475
4555
0339
4591
7870
9423
5151
8529
5816
3238
5458
0587
8234
4226
8633
3680
6348
9498
5284
2246
7177
4089
9415
8269
7917
6516
4079
9893
2076
0872
9978
4418
8133
1758
9073
5447
9949
4462
4724
9308
2496
6927
2618
7736
4480
9952
9309
5733
0090
1688
2710
5239
8532
5423
3413
5400
0525
1517
8548
8377
9280
3937
3650
9661
6860
8843
8432
0042
6260
1214
7432
0283
3197
2476
7217
8083
3349
8445
8329
7806
5011
2321
1492
9754
1460
6955
1250
9820
7091
2875
4979
3155
6586
2056
3408
6016
6444
5314
8571
8126
9003
2108
6335
3874
9499
8090
1828
8483
2375
5814
6172
4447
8216
3768
4903
6179
6191
4627
4014
1433
7330
9041
5543
0377
0123
3840
0325
0769
9612
0955
4762
7321
3470
6941
6714
7532
5242
1389
6139
5012
3902
9383
4890
7905
6915
6587
4569
9057
5568
6828
6841
7735
2586
6698
1535
3465
2998
7977
1674
1733
9456
8494
9430
7793
2119
0774
7927
6633
7167
8860
6119
6036
9350
9976
3517
7366
5036
9512
8946
9194
1890
0036
1871
7921
7411
7094
2577
1831
4443
7021
6760
0303
6313
0723
0860
1172
4171
3627
5333
2498
0836
6910
9973
3549
6635
0703
2818
5381
9664
9447
0155
6418
4572
6264
0727
5453
3679
5282
1247
9247
7251
0106
5983
3351
5067
5705
2039
9250
4403
8053
9653
3533
9898
7042
5436
3707
1472
1614
9760
3843
8059
4918
0239
8679
4516
8978
3604
6415
3207
1731
0040
6446
9187
9454
6715
0139
0472
7450
1799
2242
9871
7453
0567
4718
7567
9234
2985
2154
0046
8326
8569
6423
1024
9493
8016
0298
4112
0790
1676
6160
8682
7757
4204
1587
8031
9411
7128
4205
0531
1673
3807
3981
0653
4191
2392
0940
7667
3786
4980
4278
0333
9889
1302
6877
8640
2822
9285
8318
4012
2220
4342
4671
9277
2542
9457
7944
1608
0485
0024
3787
0112
4809
4503
7821
6467
9535
8284
1219
5812
9458
7827
3176
8817
8514
3983
5857
5056
5145
9331
0498
2460
6962
4864
8900
1120
2511
1210
3743
4931
4457
5430
3841
7113
5830
9094
1707
0712
2185
0252
7386
2674
2178
2827
1286
2196
9044
7836
3213
7156
0645
6050
4550
9241
6042
0751
2594
4176
0148
8034
8190
9558
3555
9473
4629
9141
3853
8691
6533
8496
3603
3922
1551
7058
9344
4455
7605
0795
3839
3946
2869
1339
8118
8695
2513
0150
4409
2945
2554
0341
0103
0951
9638
8808
3255
3935
7908
3352
2589
6939
9522
8252
1196
0930
4689
2161
5221
6117
6443
7418
4051
8617
1546
3753
2307
5764
9877
6130
1810
1914
6181
6374
2671
2320
0909
2257
3534
0347
5712
8976
8389
8150
8675
0770
7893
9579
9333
3583
9683
3991
3805
0556
4772
4821
5569
6100
5947
4036
3066
3734
4049
4018
2207
9530
4989
3121
3938
1417
7932
8535
9649
7317
2457
5391
1390
7344
3661
7816
2122
0895
4717
0291
0885
6542
5392
3871
1211
6108
7469
8903
9466
3420
1171
3373
2878
7902
0077
4945
2697
4005
3415
6121
1526
1638
7723
1251
4446
2034
2806
0301
6300
1345
6844
7558
1419
1284
9753
0793
9534
1253
6584
1671
1274
5235
7143
9647
9150
4715
5292
5339
3024
0047
7581
9313
7677
1787
2385
1402
8881
8163
1179
6376
4022
9230
1233
9881
1368
4841
8493
0649
6473
5214
5371
0501
8495
4297
2264
3226
6032
4424
6538
0175
0866
8954
7495
9674
5100
1935
2138
8412
6096
5623
2103
7670
6776
1967
2491
2876
0264
2482
0621
6454
6280
2883
1976
2137
5247
1477
4148
4783
7730
1627
9969
4515
1550
7658
1307
9602
6656
7166
0768
8644
5348
2530
3492
3508
0093
1762
2519
2666
7929
0265
5908
7341
1262
1234
5976
1436
2109
9020
6079
5186
3341
7782
9193
2074
7551
5938
6370
4617
7550
7280
7392
8390
5784
5051
5299
8175
7002
2744
4553
6509
4677
0157
3940
0686
5017
9180
4396
8291
6086
9993
3963
4368
9804
9798
0497
8938
5885
0541
1276
7070
3600
4825
1330
4260
6603
2408
4778
9697
6641
4859
7470
1295
2113
3316
1461
1802
8677
6094
4925
6726
3880
5076
9128
0638
8734
5412
5570
1438
2088
0704
7973
9938
0074
2847
3257
3557
2735
7701
7080
2095
5407
3859
7540
2191
4096
8684
5900
1683
4531
2954
3971
6511
2560
7925
4773
9504
7718
1378
9284
8762
2846
1595
3560
4946
3234
6508
6810
1516
3100
3685
5859
2334
0329
3529
8444
8890
7413
7008
0084
8728
1684
8564
6512
1370
5540
5941
0782
4600
7748
4161
3635
0763
8280
1293
5843
2376
0612
7389
3468
8415
3312
8536
5073
5980
2779
1439
4042
7526
2373
5546
4728
5890
1884
7487
8552
6173
8203
6749
3329
5313
6055
2107
9526
9857
9825
8852
1669
9968
0315
5450
9774
5027
7445
7377
9264
0987
5003
9495
4676
4061
3149
6087
3017
3306
8288
2253
6824
1360
5451
9652
1922
3187
7265
0752
9409
3006
4616
5618
0683
5848
7111
2689
1812
4521
0073
1792
7498
9042
5326
7350
4533
1428
6371
2652
5685
4828
8283
0561
8956
3827
2308
2885
7614
6231
6577
8845
7316
3452
1352
9478
6009
0583
5783
6199
5048
2458
6623
9434
0709
2051
8184
2607
0154
1280
8638
6048
5154
0754
9853
8054
3399
0257
8550
8222
4538
6247
6257
5146
5383
6724
4486
4816
7269
9890
5925
7948
9587
4068
0979
4800
6745
1051
8356
4644
8078
2286
5503
0436
4924
7562
7636
4361
7807
5934
7714
7429
7950
7530
7916
0705
9637
7292
0767
7404
0876
7279
3651
4906
3456
0660
5004
4400
0637
3156
4739
8407
6593
0118
2360
6695
5222
4996
8513
9919
0316
3214
7301
3861
9516
9035
9146
8614
3211
1779
2715
4314
9734
7040
9884
1616
0553
1972
3594
7609
0494
0249
8194
6917
2778
3791
4234
6822
6408
0027
8193
2747
8566
9226
8114
0897
2836
8060
4143
6331
1785
1500
7308
5140
6246
2272
3962
3068
6414
7877
3776
5057
3055
2528
0344
9267
4900
2540
1852
3267
2964
2938
3548
2756
6287
1519
1594
3984
2136
1468
5136
5191
6069
1027
9235
3393
0810
2956
2412
2094
8806
2064
4994
5761
1570
3643
9231
9183
5409
9403
2736
1766
7789
7852
6685
9631
3909
5337
1681
8678
0859
6054
8526
8310
5963
5647
2228
3350
4345
5936
3294
3412
0246
3313
6220
9338
9837
5148
1399
4755
3658
2350
2555
9688
8153
3402
4412
2602
5277
0356
1995
3742
3258
8714
5349
0908
0479
8261
1412
7115
0241
4702
5443
4083
6003
0798
4826
3457
8095
6122
9833
4910
3430
9416
9373
9823
0421
1645
8185
4839
5044
6874
3364
3097
9103
3759
4106
2340
9808
9244
1231
5323
9207
8706
7687
7172
4797
9838
8420
7777
7754
6686
4850
2494
9618
6310
2473
0684
9721
7460
0179
1173
9965
9436
2300
2624
3374
8841
5926
4322
7814
1194
4372
5606
8986
5574
7522
2993
4684
5427
4439
4703
9332
1927
4123
1015
5905
8955
7273
7734
8363
9755
7733
0613
6863
8792
3505
9573
7426
6637
3865
4082
3308
7971
8110
0851
7594
4719
1422
4300
8681
9005
9272
2647
8000
1793
5354
8774
5474
9206
0232
1387
1304
1409
4693
0331
4951
7408
3042
7994
1508
3236
4972
3205
8026
3136
4221
4891
3579
2030
8715
6984
8487
2450
9342
9894
0156
9321
4062
0033
8530
3163
1908
5253
3885
9258
4107
8192
4975
2910
3704
8480
4174
1383
1297
6336
2738
8671
6977
8914
5344
8365
0875
8879
8895
5169
7393
5932
7140
8449
0662
9950
0233
0243
3582
7328
1031
5517
6998
6324
9433
7440
3908
4499
5062
6377
4986
1358
3033
8977
2474
2720
1257
7731
8951
5183
4820
0089
8770
6295
7367
9496
9468
2698
8618
4004
1885
1507
9118
3737
5414
5876
7923
3328
1749
7046
8776
3985
9099
4114
7221
8209
1505
1602
3869
7650
1128
5530
0570
3437
6570
3639
8523
7831
5110
3488
4357
2821
2675
4467
5741
7106
3071
5243
2188
2370
8904
3445
8995
9941
7878
2948
0279
6853
4377
7918
9887
7838
9903
2748
0337
0207
7805
0400
6790
2402
2355
8510
9874
3739
1021
5432
1188
9805
4560
2939
3878
0835
4074
1329
0530
5982
9715
4655
0164
6283
9426
6093
9412
6381
5138
7819
5007
8891
9404
9048
0819
8847
4427
3897
3072
4680
6793
7544
8319
8092
3614
3907
8263
2407
0429
4095
9622
1490
7758
0102
8268
6967
2761
0069
5332
1960
7054
6017
4346
1309
7055
9515
4168
5415
1583
8321
6120
8425
6077
8652
9470
4827
9667
1717
3200
0942
1151
8142
2025
8282
1359
2547
1356
9886
4360
6948
8490
5748
7205
4913
7337
8471
0626
4575
9051
0886
5664
5008
7559
1082
5917
4423
2749
7150
1391
9967
4449
0221
5315
2524
5937
0786
8015
9465
0713
6049
5318
1077
7615
1951
5113
2024
4241
5589
9621
6613
3708
0761
4086
4359
3832
9778
4885
5769
6868
1223
2776
3818
8747
5872
3273
5961
7513
9914
9990
8664
3948
4380
7037
9275
5684
4854
5969
0993
3598
0773
7501
5673
5529
5135
0721
7541
2737
1928
7820
7423
8521
2175
7139
8582
3606
8556
3848
6935
6846
4843
3588
9165
4303
9461
4057
1930
3221
9162
2897
9437
1984
5489
5509
6239
5753
5821
8791
5029
3676
5666
5257
5559
7290
6176
2891
4963
1176
3157
6771
6131
1144
7268
5906
1063
1868
7218
4700
1476
3288
0120
7018
1414
4733
5445
3222
7239
6503
2619
7291
7936
2066
3920
7926
7164
3777
7645
9585
4751
8579
8057
9756
2299
3203
6104
7391
3684
9951
0492
6097
6330
6992
7142
5302
3054
8651
2802
0083
5688
7548
4073
5192
1258
8197
3736
1217
5828
7587
6661
0920
7103
6382
6361
6424
1420
2708
9588
3394
3038
5627
0216
0978
2244
7359
1044
1135
7880
2615
2903
2419
6158
3119
6989
0856
9785
8373
8990
1559
0698
9312
6547
0855
4445
0310
2281
9006
6692
2683
6385
8917
3198
0072
1131
1216
5781
8727
6005
0087
4508
4504
4010
5676
7326
0435
0061
1932
3080
5981
0320
1987
2947
5549
0149
8075
1569
5470
0950
9635
5111
5912
6662
7188
0794
0850
6923
3977
6758
6794
0398
3701
3747
2765
1604
8729
8948
7171
0565
2915
6517
6832
6736
8498
2059
0825
7607
1464
6580
4631
5660
7811
3219
1365
0952
0116
3956
4958
7538
0231
8936
8797
1270
1543
4293
8963
2752
1034
1202
9224
6184
3526
0361
6290
5636
7623
7911
5601
1048
8391
9779
0685
7452
6873
0544
8220
3259
4582
0766
1978
9868
5388
3597
4286
4321
0244
9570
8135
4263
7496
7202
1865
8067
1114
5187
3377
0187
1778
9711
3636
5779
3986
8935
6729
6320
4949
5639
4711
3951
0957
8810
4871
3223
2808
0205
8121
5603
4849
9870
8311
5014
4233
0778
4254
6817
5633
5072
0811
8506
4195
0491
8592
2838
5585
4454
3851
0321
1204
3893
9694
2890
3631
4867
6412
4164
4606
5898
6083
3803
8736
9448
7876
4177
3663
0302
7434
1613
2940
3411
1328
9435
8880
6091
6502
2583
7132
3240
2089
7056
9266
8328
4971
5367
9897
2456
1166
2316
7245
7591
9487
3712
1481
8769
7022
3427
2638
6922
3459
7170
8565
4388
9749
3158
6294
3167
8518
0480
1830
4251
7030
3056
9043
1124
8799
6437
0413
1395
3511
6273
4990
9934
1649
6183
7746
3082
4150
2686
6751
7174
7078
1381
3634
3837
4844
5774
9645
5896
6148
9834
5888
0488
1485
6107
7964
8416
3036
2062
6546
3947
9462
7454
5226
4730
4634
4775
9620
8155
4183
7195
1292
8605
7599
9802
1670
0946
6419
8033
7840
3135
0483
2770
5237
0023
9282
4458
9340
5272
7803
2879
1122
7756
4349
6319
1097
8798
0025
8834
0328
5231
6928
6631
7372
4817
0853
6918
4285
0646
4029
9775
6601
8154
7542
9108
6390
1959
1622
0739
9502
5919
5091
2479
9713
3256
4146
1925
1573
9082
2739
5886
4837
7207
7133
9892
0473
